293
46
65.13 216.68 267.87 31.88
124.96 183.15 3.14 25.32
123.27 200.34 50.92 132.03
119.32 232.81 256.95 230.51
214.71 46.85 18.05 170.07
116.23 232.22 81.9 215.28
218.22 6.45 162.08 174.17
187.25 199.17 64.94 252.38
282.27 199.24 150.69 114.23
248.81 20.25 5.97 79.08
220.59 56.89 211.11 46.9
156.13 41.48 143.84 77.83
247.76 161.89 247.9 70.98
260.53 36.79 152.68 185.75
202.68 21.75 226.34 96.92
87.34 291.29 215.73 76.61
63.94 232.84 190.84 19.74
253.09 196.81 98.82 180.68
120.12 176.36 94 276.25
217.84 104.26 220.5 172.59
266.16 175.39 109.99 100.1
78.61 262.67 152.27 147.71
150.84 85.61 111.05 238.18
243.32 33.77 21.78 14.25
133.03 79.04 193.42 93.12
275.85 292.25 140.22 262.4
175.6 100.64 245.64 259.86
204.91 39.56 5.86 44.48
214.95 115.85 11 159.98
244.94 163.28 14.68 262.2
115.31 125.74 207.37 225.05
25.93 95.58 239.3 158.97
174.62 6.13 118.51 23.89
5.37 125.15 286.29 47.39
92.21 105.34 173.67 4.11
144.9 179.53 208.02 226.28
161.8 219.03 93.25 273.16
248.73 107.94 242.35 230.46
100.1 23.14 162.5 126.03
118.72 268.22 151.42 0.33
274.35 136.35 24.22 146.15
127.92 17.5 193.54 220.14
282.28 74.21 90.67 134.17
120.16 5.69 67.44 281.97
91.14 160.7 128.54 46.86
135.06 77.89 143.74 235.16
